SolidWorks IGES file using analytic representation for surfaces         S      1
1H,,1H;,5HPart1,38HU:\PER 2019\Airfoil Data\Airfoil 1.IGS,15HSolidWorks G      1
2018,15HSolidWorks 2018,32,308,15,308,15,5HPart1,1.,1,2HIN,50,0.125,13H1G      2
90123.182913,1E-08,19684.6456692913,8Haudyavar,,11,0,13H190123.182913;  G      3
     124       1       0       0       0                        00000000D      1
     124       0       0       1       0                               0D      2
     116       2       0       0       0               1        00020000D      3
     116       0       0       1       0                               0D      4
     116       3       0       0       0               1        00020000D      5
     116       0       0       1       0                               0D      6
     116       4       0       0       0               1        00020000D      7
     116       0       0       1       0                               0D      8
     116       5       0       0       0               1        00020000D      9
     116       0       0       1       0                               0D     10
     116       6       0       0       0               1        00020000D     11
     116       0       0       1       0                               0D     12
     116       7       0       0       0               1        00020000D     13
     116       0       0       1       0                               0D     14
     116       8       0       0       0               1        00020000D     15
     116       0       0       1       0                               0D     16
     116       9       0       0       0               1        00020000D     17
     116       0       0       1       0                               0D     18
     116      10       0       0       0               1        00020000D     19
     116       0       0       1       0                               0D     20
     116      11       0       0       0               1        00020000D     21
     116       0       0       1       0                               0D     22
     116      12       0       0       0               1        00020000D     23
     116       0       0       1       0                               0D     24
     116      13       0       0       0               1        00020000D     25
     116       0       0       1       0                               0D     26
     116      14       0       0       0               1        00020000D     27
     116       0       0       1       0                               0D     28
     116      15       0       0       0               1        00020000D     29
     116       0       0       1       0                               0D     30
     116      16       0       0       0               1        00020000D     31
     116       0       0       1       0                               0D     32
     116      17       0       0       0               1        00020000D     33
     116       0       0       1       0                               0D     34
     116      18       0       0       0               1        00020000D     35
     116       0       0       1       0                               0D     36
     116      19       0       0       0               1        00020000D     37
     116       0       0       1       0                               0D     38
     116      20       0       0       0               1        00020000D     39
     116       0       0       1       0                               0D     40
     116      21       0       0       0               1        00020000D     41
     116       0       0       1       0                               0D     42
     116      22       0       0       0               1        00020000D     43
     116       0       0       1       0                               0D     44
     116      23       0       0       0               1        00020000D     45
     116       0       0       1       0                               0D     46
     116      24       0       0       0               1        00020000D     47
     116       0       0       1       0                               0D     48
     116      25       0       0       0               1        00020000D     49
     116       0       0       1       0                               0D     50
     116      26       0       0       0               1        00020000D     51
     116       0       0       1       0                               0D     52
     116      27       0       0       0               1        00020000D     53
     116       0       0       1       0                               0D     54
     116      28       0       0       0               1        00020000D     55
     116       0       0       1       0                               0D     56
     116      29       0       0       0               1        00020000D     57
     116       0       0       1       0                               0D     58
     116      30       0       0       0               1        00020000D     59
     116       0       0       1       0                               0D     60
     116      31       0       0       0               1        00020000D     61
     116       0       0       1       0                               0D     62
     116      32       0       0       0               1        00020000D     63
     116       0       0       1       0                               0D     64
     116      33       0       0       0               1        00020000D     65
     116       0       0       1       0                               0D     66
     116      34       0       0       0               1        00020000D     67
     116       0       0       1       0                               0D     68
     116      35       0       0       0               1        00020000D     69
     116       0       0       1       0                               0D     70
     116      36       0       0       0               1        00020000D     71
     116       0       0       1       0                               0D     72
     116      37       0       0       0               1        00020000D     73
     116       0       0       1       0                               0D     74
     116      38       0       0       0               1        00020000D     75
     116       0       0       1       0                               0D     76
     116      39       0       0       0               1        00020000D     77
     116       0       0       1       0                               0D     78
     116      40       0       0       0               1        00020000D     79
     116       0       0       1       0                               0D     80
     116      41       0       0       0               1        00020000D     81
     116       0       0       1       0                               0D     82
     116      42       0       0       0               1        00020000D     83
     116       0       0       1       0                               0D     84
     116      43       0       0       0               1        00020000D     85
     116       0       0       1       0                               0D     86
     116      44       0       0       0               1        00020000D     87
     116       0       0       1       0                               0D     88
     116      45       0       0       0               1        00020000D     89
     116       0       0       1       0                               0D     90
     116      46       0       0       0               1        00020000D     91
     116       0       0       1       0                               0D     92
     116      47       0       0       0               1        00020000D     93
     116       0       0       1       0                               0D     94
     116      48       0       0       0               1        00020000D     95
     116       0       0       1       0                               0D     96
     116      49       0       0       0               1        00020000D     97
     116       0       0       1       0                               0D     98
     116      50       0       0       0               1        00020000D     99
     116       0       0       1       0                               0D    100
     116      51       0       0       0               1        00020000D    101
     116       0       0       1       0                               0D    102
     116      52       0       0       0               1        00020000D    103
     116       0       0       1       0                               0D    104
     116      53       0       0       0               1        00020000D    105
     116       0       0       1       0                               0D    106
     116      54       0       0       0               1        00020000D    107
     116       0       0       1       0                               0D    108
     116      55       0       0       0               1        00020000D    109
     116       0       0       1       0                               0D    110
     116      56       0       0       0               1        00020000D    111
     116       0       0       1       0                               0D    112
     116      57       0       0       0               1        00020000D    113
     116       0       0       1       0                               0D    114
     116      58       0       0       0               1        00020000D    115
     116       0       0       1       0                               0D    116
     116      59       0       0       0               1        00020000D    117
     116       0       0       1       0                               0D    118
     116      60       0       0       0               1        00020000D    119
     116       0       0       1       0                               0D    120
     116      61       0       0       0               1        00020000D    121
     116       0       0       1       0                               0D    122
     116      62       0       0       0               1        00020000D    123
     116       0       0       1       0                               0D    124
     116      63       0       0       0               1        00020000D    125
     116       0       0       1       0                               0D    126
     116      64       0       0       0               1        00020000D    127
     116       0       0       1       0                               0D    128
     116      65       0       0       0               1        00020000D    129
     116       0       0       1       0                               0D    130
     116      66       0       0       0               1        00020000D    131
     116       0       0       1       0                               0D    132
     116      67       0       0       0               1        00020000D    133
     116       0       0       1       0                               0D    134
     116      68       0       0       0               1        00020000D    135
     116       0       0       1       0                               0D    136
     116      69       0       0       0               1        00020000D    137
     116       0       0       1       0                               0D    138
     116      70       0       0       0               1        00020000D    139
     116       0       0       1       0                               0D    140
     116      71       0       0       0               1        00020000D    141
     116       0       0       1       0                               0D    142
     116      72       0       0       0               1        00020000D    143
     116       0       0       1       0                               0D    144
     116      73       0       0       0               1        00020000D    145
     116       0       0       1       0                               0D    146
     116      74       0       0       0               1        00020000D    147
     116       0       0       1       0                               0D    148
     116      75       0       0       0               1        00020000D    149
     116       0       0       1       0                               0D    150
     116      76       0       0       0               1        00020000D    151
     116       0       0       1       0                               0D    152
     116      77       0       0       0               1        00020000D    153
     116       0       0       1       0                               0D    154
     116      78       0       0       0               1        00020000D    155
     116       0       0       1       0                               0D    156
     116      79       0       0       0               1        00020000D    157
     116       0       0       1       0                               0D    158
     116      80       0       0       0               1        00020000D    159
     116       0       0       1       0                               0D    160
     116      81       0       0       0               1        00020000D    161
     116       0       0       1       0                               0D    162
     116      82       0       0       0               1        00020000D    163
     116       0       0       1       0                               0D    164
     116      83       0       0       0               1        00020000D    165
     116       0       0       1       0                               0D    166
     116      84       0       0       0               1        00020000D    167
     116       0       0       1       0                               0D    168
     116      85       0       0       0               1        00020000D    169
     116       0       0       1       0                               0D    170
     116      86       0       0       0               1        00020000D    171
     116       0       0       1       0                               0D    172
     116      87       0       0       0               1        00020000D    173
     116       0       0       1       0                               0D    174
     116      88       0       0       0               1        00020000D    175
     116       0       0       1       0                               0D    176
     116      89       0       0       0               1        00020000D    177
     116       0       0       1       0                               0D    178
     116      90       0       0       0               1        00020000D    179
     116       0       0       1       0                               0D    180
     116      91       0       0       0               1        00020000D    181
     116       0       0       1       0                               0D    182
     116      92       0       0       0               1        00020000D    183
     116       0       0       1       0                               0D    184
     116      93       0       0       0               1        00020000D    185
     116       0       0       1       0                               0D    186
     116      94       0       0       0               1        00020000D    187
     116       0       0       1       0                               0D    188
     116      95       0       0       0               1        00020000D    189
     116       0       0       1       0                               0D    190
     116      96       0       0       0               1        00020000D    191
     116       0       0       1       0                               0D    192
     116      97       0       0       0               1        00020000D    193
     116       0       0       1       0                               0D    194
     116      98       0       0       0               1        00020000D    195
     116       0       0       1       0                               0D    196
     116      99       0       0       0               1        00020000D    197
     116       0       0       1       0                               0D    198
     116     100       0       0       0               1        00020000D    199
     116       0       0       1       0                               0D    200
     116     101       0       0       0               1        00020000D    201
     116       0       0       1       0                               0D    202
     116     102       0       0       0               1        00020000D    203
     116       0       0       1       0                               0D    204
     116     103       0       0       0               1        00020000D    205
     116       0       0       1       0                               0D    206
     116     104       0       0       0               1        00020000D    207
     116       0       0       1       0                               0D    208
     116     105       0       0       0               1        00020000D    209
     116       0       0       1       0                               0D    210
     116     106       0       0       0               1        00020000D    211
     116       0       0       1       0                               0D    212
     116     107       0       0       0               1        00020000D    213
     116       0       0       1       0                               0D    214
     116     108       0       0       0               1        00020000D    215
     116       0       0       1       0                               0D    216
     116     109       0       0       0               1        00020000D    217
     116       0       0       1       0                               0D    218
     116     110       0       0       0               1        00020000D    219
     116       0       0       1       0                               0D    220
     116     111       0       0       0               1        00020000D    221
     116       0       0       1       0                               0D    222
     116     112       0       0       0               1        00020000D    223
     116       0       0       1       0                               0D    224
     116     113       0       0       0               1        00020000D    225
     116       0       0       1       0                               0D    226
     116     114       0       0       0               1        00020000D    227
     116       0       0       1       0                               0D    228
     116     115       0       0       0               1        00020000D    229
     116       0       0       1       0                               0D    230
     116     116       0       0       0               1        00020000D    231
     116       0       0       1       0                               0D    232
     116     117       0       0       0               1        00020000D    233
     116       0       0       1       0                               0D    234
     116     118       0       0       0               1        00020000D    235
     116       0       0       1       0                               0D    236
     116     119       0       0       0               1        00020000D    237
     116       0       0       1       0                               0D    238
     116     120       0       0       0               1        00020000D    239
     116       0       0       1       0                               0D    240
     116     121       0       0       0               1        00020000D    241
     116       0       0       1       0                               0D    242
     116     122       0       0       0               1        00020000D    243
     116       0       0       1       0                               0D    244
     116     123       0       0       0               1        00020000D    245
     116       0       0       1       0                               0D    246
     116     124       0       0       0               1        00020000D    247
     116       0       0       1       0                               0D    248
     116     125       0       0       0               1        00020000D    249
     116       0       0       1       0                               0D    250
     116     126       0       0       0               1        00020000D    251
     116       0       0       1       0                               0D    252
     116     127       0       0       0               1        00020000D    253
     116       0       0       1       0                               0D    254
     116     128       0       0       0               1        00020000D    255
     116       0       0       1       0                               0D    256
     116     129       0       0       0               1        00020000D    257
     116       0       0       1       0                               0D    258
     116     130       0       0       0               1        00020000D    259
     116       0       0       1       0                               0D    260
     116     131       0       0       0               1        00020000D    261
     116       0       0       1       0                               0D    262
     116     132       0       0       0               1        00020000D    263
     116       0       0       1       0                               0D    264
     116     133       0       0       0               1        00020000D    265
     116       0       0       1       0                               0D    266
     116     134       0       0       0               1        00020000D    267
     116       0       0       1       0                               0D    268
     116     135       0       0       0               1        00020000D    269
     116       0       0       1       0                               0D    270
     116     136       0       0       0               1        00020000D    271
     116       0       0       1       0                               0D    272
     116     137       0       0       0               1        00020000D    273
     116       0       0       1       0                               0D    274
     116     138       0       0       0               1        00020000D    275
     116       0       0       1       0                               0D    276
     116     139       0       0       0               1        00020000D    277
     116       0       0       1       0                               0D    278
     116     140       0       0       0               1        00020000D    279
     116       0       0       1       0                               0D    280
     116     141       0       0       0               1        00020000D    281
     116       0       0       1       0                               0D    282
     116     142       0       0       0               1        00020000D    283
     116       0       0       1       0                               0D    284
     116     143       0       0       0               1        00020000D    285
     116       0       0       1       0                               0D    286
     116     144       0       0       0               1        00020000D    287
     116       0       0       1       0                               0D    288
     116     145       0       0       0               1        00020000D    289
     116       0       0       1       0                               0D    290
     116     146       0       0       0               1        00020000D    291
     116       0       0       1       0                               0D    292
     116     147       0       0       0               1        00020000D    293
     116       0       0       1       0                               0D    294
     116     148       0       0       0               1        00020000D    295
     116       0       0       1       0                               0D    296
     116     149       0       0       0               1        00020000D    297
     116       0       0       1       0                               0D    298
     116     150       0       0       0               1        00020000D    299
     116       0       0       1       0                               0D    300
     116     151       0       0       0               1        00020000D    301
     116       0       0       1       0                               0D    302
     116     152       0       0       0               1        00020000D    303
     116       0       0       1       0                               0D    304
     116     153       0       0       0               1        00020000D    305
     116       0       0       1       0                               0D    306
     116     154       0       0       0               1        00020000D    307
     116       0       0       1       0                               0D    308
     116     155       0       0       0               1        00020000D    309
     116       0       0       1       0                               0D    310
     116     156       0       0       0               1        00020000D    311
     116       0       0       1       0                               0D    312
     116     157       0       0       0               1        00020000D    313
     116       0       0       1       0                               0D    314
     116     158       0       0       0               1        00020000D    315
     116       0       0       1       0                               0D    316
     116     159       0       0       0               1        00020000D    317
     116       0       0       1       0                               0D    318
     116     160       0       0       0               1        00020000D    319
     116       0       0       1       0                               0D    320
     116     161       0       0       0               1        00020000D    321
     116       0       0       1       0                               0D    322
     116     162       0       0       0               1        00020000D    323
     116       0       0       1       0                               0D    324
     116     163       0       0       0               1        00020000D    325
     116       0       0       1       0                               0D    326
     116     164       0       0       0               1        00020000D    327
     116       0       0       1       0                               0D    328
     116     165       0       0       0               1        00020000D    329
     116       0       0       1       0                               0D    330
     116     166       0       0       0               1        00020000D    331
     116       0       0       1       0                               0D    332
     116     167       0       0       0               1        00020000D    333
     116       0       0       1       0                               0D    334
     116     168       0       0       0               1        00020000D    335
     116       0       0       1       0                               0D    336
     116     169       0       0       0               1        00020000D    337
     116       0       0       1       0                               0D    338
     116     170       0       0       0               1        00020000D    339
     116       0       0       1       0                               0D    340
     116     171       0       0       0               1        00020000D    341
     116       0       0       1       0                               0D    342
     116     172       0       0       0               1        00020000D    343
     116       0       0       1       0                               0D    344
     116     173       0       0       0               1        00020000D    345
     116       0       0       1       0                               0D    346
     116     174       0       0       0               1        00020000D    347
     116       0       0       1       0                               0D    348
     116     175       0       0       0               1        00020000D    349
     116       0       0       1       0                               0D    350
     116     176       0       0       0               1        00020000D    351
     116       0       0       1       0                               0D    352
     116     177       0       0       0               1        00020000D    353
     116       0       0       1       0                               0D    354
     116     178       0       0       0               1        00020000D    355
     116       0       0       1       0                               0D    356
     116     179       0       0       0               1        00020000D    357
     116       0       0       1       0                               0D    358
     116     180       0       0       0               1        00020000D    359
     116       0       0       1       0                               0D    360
     116     181       0       0       0               1        00020000D    361
     116       0       0       1       0                               0D    362
     116     182       0       0       0               1        00020000D    363
     116       0       0       1       0                               0D    364
     116     183       0       0       0               1        00020000D    365
     116       0       0       1       0                               0D    366
     116     184       0       0       0               1        00020000D    367
     116       0       0       1       0                               0D    368
     116     185       0       0       0               1        00020000D    369
     116       0       0       1       0                               0D    370
     116     186       0       0       0               1        00020000D    371
     116       0       0       1       0                               0D    372
     116     187       0       0       0               1        00020000D    373
     116       0       0       1       0                               0D    374
     116     188       0       0       0               1        00020000D    375
     116       0       0       1       0                               0D    376
     116     189       0       0       0               1        00020000D    377
     116       0       0       1       0                               0D    378
     116     190       0       0       0               1        00020000D    379
     116       0       0       1       0                               0D    380
     116     191       0       0       0               1        00020000D    381
     116       0       0       1       0                               0D    382
     116     192       0       0       0               1        00020000D    383
     116       0       0       1       0                               0D    384
     116     193       0       0       0               1        00020000D    385
     116       0       0       1       0                               0D    386
     116     194       0       0       0               1        00020000D    387
     116       0       0       1       0                               0D    388
     116     195       0       0       0               1        00020000D    389
     116       0       0       1       0                               0D    390
     116     196       0       0       0               1        00020000D    391
     116       0       0       1       0                               0D    392
     116     197       0       0       0               1        00020000D    393
     116       0       0       1       0                               0D    394
     116     198       0       0       0               1        00020000D    395
     116       0       0       1       0                               0D    396
     116     199       0       0       0               1        00020000D    397
     116       0       0       1       0                               0D    398
     116     200       0       0       0               1        00020000D    399
     116       0       0       1       0                               0D    400
     116     201       0       0       0               1        00020000D    401
     116       0       0       1       0                               0D    402
     116     202       0       0       0               1        00020000D    403
     116       0       0       1       0                               0D    404
     116     203       0       0       0               1        00020000D    405
     116       0       0       1       0                               0D    406
     116     204       0       0       0               1        00020000D    407
     116       0       0       1       0                               0D    408
     116     205       0       0       0               1        00020000D    409
     116       0       0       1       0                               0D    410
     116     206       0       0       0               1        00020000D    411
     116       0       0       1       0                               0D    412
     116     207       0       0       0               1        00020000D    413
     116       0       0       1       0                               0D    414
     116     208       0       0       0               1        00020000D    415
     116       0       0       1       0                               0D    416
     116     209       0       0       0               1        00020000D    417
     116       0       0       1       0                               0D    418
     116     210       0       0       0               1        00020000D    419
     116       0       0       1       0                               0D    420
     116     211       0       0       0               1        00020000D    421
     116       0       0       1       0                               0D    422
     116     212       0       0       0               1        00020000D    423
     116       0       0       1       0                               0D    424
     116     213       0       0       0               1        00020000D    425
     116       0       0       1       0                               0D    426
     116     214       0       0       0               1        00020000D    427
     116       0       0       1       0                               0D    428
     402     215       0       0       0                        00000000D    429
     402       0       0      14      16                2DSKETCH       1D    430
     314     229       0       0       0                        00000200D    431
     314       0       8       1       0                               0D    432
124,1.,0.,0.,0.,0.,1.,0.,0.,0.,0.,1.,0.;                               1P      1
116,11.65178146,13.208155553,0.,;                                      3P      2
116,2.342676089,12.800971243,0.,;                                      5P      3
116,2.430750692,13.162324002,0.,;                                      7P      4
116,2.387514646,13.153222807,0.,;                                      9P      5
116,2.347412367,13.134715267,0.,;                                     11P      6
116,2.312453012,13.107740697,0.,;                                     13P      7
116,2.284378185,13.073640465,0.,;                                     15P      8
116,2.264612359,13.034134751,0.,;                                     17P      9
116,2.254154287,12.991229579,0.,;                                     19P     10
116,2.253526825,12.947058229,0.,;                                     21P     11
116,2.262761092,12.90386573,0.,;                                      23P     12
116,2.281388396,12.86383093,0.,;                                      25P     13
116,2.308475864,12.82894697,0.,;                                      27P     14
116,2.423433995,12.752414819,0.,;                                     29P     15
116,2.508235688,12.707204798,0.,;                                     31P     16
116,2.593963156,12.665719572,0.,;                                     33P     17
116,2.678373909,12.628033452,0.,;                                     35P     18
116,2.766491047,12.591403487,0.,;                                     37P     19
116,2.855250763,12.556857858,0.,;                                     39P     20
116,2.944342985,12.524248002,0.,;                                     41P     21
116,3.035049665,12.492921986,0.,;                                     43P     22
116,3.123641616,12.463967253,0.,;                                     45P     23
116,3.214574068,12.435796291,0.,;                                     47P     24
116,3.305516327,12.409070441,0.,;                                     49P     25
116,3.396288814,12.383741561,0.,;                                     51P     26
116,3.488264187,12.359362722,0.,;                                     53P     27
116,3.580335402,12.33618581,0.,;                                      55P     28
116,3.67260355,12.314133657,0.,;                                      57P     29
116,3.764913281,12.293194165,0.,;                                     59P     30
116,3.857281654,12.273317047,0.,;                                     61P     31
116,3.950782295,12.254252507,0.,;                                     63P     32
116,4.044570967,12.236160116,0.,;                                     65P     33
116,4.136737358,12.2193553,0.,;                                       67P     34
116,4.230162495,12.203280729,0.,;                                     69P     35
116,4.324164773,12.188056417,0.,;                                     71P     36
116,4.417597153,12.173843716,0.,;                                     73P     37
116,4.511093412,12.160515313,0.,;                                     75P     38
116,4.605313462,12.147965714,0.,;                                     77P     39
116,4.699553787,12.136278879,0.,;                                     79P     40
116,4.793727559,12.12545113,0.,;                                      81P     41
116,4.887992065,12.115450304,0.,;                                     83P     42
116,4.982339818,12.106265366,0.,;                                     85P     43
116,5.076763401,12.097885333,0.,;                                     87P     44
116,5.171255467,12.090299276,0.,;                                     89P     45
116,5.265808739,12.083496533,0.,;                                     91P     46
116,5.360416143,12.077468975,0.,;                                     93P     47
116,5.455070598,12.072209108,0.,;                                     95P     48
116,5.54976496,12.067709206,0.,;                                      97P     49
116,5.644492038,12.06396147,0.,;                                      99P     50
116,5.739244593,12.060958031,0.,;                                    101P     51
116,5.834015363,12.058690965,0.,;                                    103P     52
116,5.928798784,12.057153611,0.,;                                    105P     53
116,6.023590358,12.056340392,0.,;                                    107P     54
116,6.118385103,12.056245402,0.,;                                    109P     55
116,6.213178054,12.056862666,0.,;                                    111P     56
116,6.307964262,12.058186142,0.,;                                    113P     57
116,6.402738795,12.060209728,0.,;                                    115P     58
116,6.497496732,12.062927606,0.,;                                    117P     59
116,6.592233122,12.066334997,0.,;                                    119P     60
116,6.686942997,12.070426994,0.,;                                    121P     61
116,6.781621382,12.075198586,0.,;                                    123P     62
116,6.876263292,12.080644667,0.,;                                    125P     63
116,6.97086374,12.086760043,0.,;                                     127P     64
116,7.065417602,12.093539548,0.,;                                    129P     65
116,7.15991955,12.100979202,0.,;                                     131P     66
116,7.254365683,12.109075343,0.,;                                    133P     67
116,7.348752312,12.117824177,0.,;                                    135P     68
116,7.44307577,12.127221835,0.,;                                     137P     69
116,7.53733242,12.137264368,0.,;                                     139P     70
116,7.631518653,12.147947758,0.,;                                    141P     71
116,7.725630855,12.159268198,0.,;                                    143P     72
116,7.819665386,12.171222231,0.,;                                    145P     73
116,7.913618616,12.183806347,0.,;                                    147P     74
116,8.007486939,12.197016951,0.,;                                    149P     75
116,8.101266769,12.210850369,0.,;                                    151P     76
116,8.194954548,12.225302848,0.,;                                    153P     77
116,8.28854666,12.240371046,0.,;                                     155P     78
116,8.382039324,12.256052634,0.,;                                    157P     79
116,8.475428789,12.272344966,0.,;                                    159P     80
116,8.568711311,12.289245291,0.,;                                    161P     81
116,8.661883151,12.306750758,0.,;                                    163P     82
116,8.754940579,12.324858426,0.,;                                    165P     83
116,8.847879895,12.343565174,0.,;                                    167P     84
116,8.940697408,12.362867828,0.,;                                    169P     85
116,9.033389275,12.382763909,0.,;                                    171P     86
116,9.125951639,12.403250911,0.,;                                    173P     87
116,9.21838065,12.424326226,0.,;                                     175P     88
116,9.310672465,12.44598714,0.,;                                     177P     89
116,9.402823324,12.468230879,0.,;                                    179P     90
116,9.4948311,12.491055676,0.,;                                      181P     91
116,9.586693097,12.514459843,0.,;                                    183P     92
116,9.678406052,12.538441344,0.,;                                    185P     93
116,9.769966724,12.562998059,0.,;                                    187P     94
116,9.861371896,12.588127783,0.,;                                    189P     95
116,9.952618377,12.613828229,0.,;                                    191P     96
116,10.043702964,12.640097176,0.,;                                   193P     97
116,10.13462235,12.666932756,0.,;                                    195P     98
116,10.225373236,12.694333063,0.,;                                   197P     99
116,10.315952344,12.722296099,0.,;                                   199P    100
116,10.406356422,12.750819784,0.,;                                   201P    101
116,10.496582247,12.77990195,0.,;                                    203P    102
116,10.586627331,12.809540715,0.,;                                   205P    103
116,10.676490466,12.839735688,0.,;                                   207P    104
116,10.766167183,12.870485818,0.,;                                   209P    105
116,10.855652758,12.901789834,0.,;                                   211P    106
116,10.944942503,12.933646353,0.,;                                   213P    107
116,11.034031773,12.966053879,0.,;                                   215P    108
116,11.122915515,12.999010533,0.,;                                   217P    109
116,11.211585828,13.032511141,0.,;                                   219P    110
116,11.300046452,13.066554278,0.,;                                   221P    111
116,11.388303899,13.101140063,0.,;                                   223P    112
116,11.476349276,13.136270119,0.,;                                   225P    113
116,11.564179759,13.171953976,0.,;                                   227P    114
116,11.560072068,13.191098703,0.,;                                   229P    115
116,11.471450635,13.174946892,0.,;                                   231P    116
116,11.381170487,13.158853802,0.,;                                   233P    117
116,11.29085302,13.143115675,0.,;                                    235P    118
116,11.20048335,13.127727022,0.,;                                    237P    119
116,11.110051573,13.112691553,0.,;                                   239P    120
116,11.019552522,13.098013731,0.,;                                   241P    121
116,10.928994739,13.083697872,0.,;                                   243P    122
116,10.838380117,13.069746379,0.,;                                   245P    123
116,10.747709837,13.056161547,0.,;                                   247P    124
116,10.656985085,13.04294567,0.,;                                    249P    125
116,10.566207043,13.030101034,0.,;                                   251P    126
116,10.475376848,13.017630208,0.,;                                   253P    127
116,10.384495283,13.005538279,0.,;                                   255P    128
116,10.293563686,12.993827759,0.,;                                   257P    129
116,10.202583556,12.982500307,0.,;                                   259P    130
116,10.111556395,12.971557563,0.,;                                   261P    131
116,10.020483708,12.961001148,0.,;                                   263P    132
116,9.929367002,12.950832663,0.,;                                    265P    133
116,9.838207789,12.941053688,0.,;                                    267P    134
116,9.747007581,12.931665786,0.,;                                    269P    135
116,9.655767892,12.922670496,0.,;                                    271P    136
116,9.564490239,12.914069338,0.,;                                    273P    137
116,9.473176139,12.905863812,0.,;                                    275P    138
116,9.381827109,12.898055394,0.,;                                    277P    139
116,9.290445052,12.89064557,0.,;                                     279P    140
116,9.19903239,12.88363522,0.,;                                      281P    141
116,9.107590639,12.877024562,0.,;                                    283P    142
116,9.016121303,12.870813775,0.,;                                    285P    143
116,8.924625913,12.86500301,0.,;                                     287P    144
116,8.833106033,12.859592397,0.,;                                    289P    145
116,8.741563253,12.854582074,0.,;                                    291P    146
116,8.649999198,12.849972116,0.,;                                    293P    147
116,8.558415551,12.845761836,0.,;                                    295P    148
116,8.466814015,12.841950418,0.,;                                    297P    149
116,8.375196304,12.838537018,0.,;                                    299P    150
116,8.283564144,12.835520771,0.,;                                    301P    151
116,8.191919271,12.832900793,0.,;                                    303P    152
116,8.100263425,12.830676592,0.,;                                    305P    153
116,8.008598386,12.828846349,0.,;                                    307P    154
116,7.916925937,12.827407566,0.,;                                    309P    155
116,7.825247838,12.826357743,0.,;                                    311P    156
116,7.733565835,12.825694377,0.,;                                    313P    157
116,7.641881653,12.825414962,0.,;                                    315P    158
116,7.550197004,12.82551781,0.,;                                     317P    159
116,7.4585136,12.826001372,0.,;                                      319P    160
116,7.366833123,12.826862013,0.,;                                    321P    161
116,7.275157223,12.828096079,0.,;                                    323P    162
116,7.183487512,12.829699948,0.,;                                    325P    163
116,7.09182557,12.831670028,0.,;                                     327P    164
116,7.000172931,12.834002616,0.,;                                    329P    165
116,6.908530773,12.836692715,0.,;                                    331P    166
116,6.816899967,12.839735192,0.,;                                    333P    167
116,6.725281393,12.843125091,0.,;                                    335P    168
116,6.633675952,12.846857553,0.,;                                    337P    169
116,6.542084565,12.850927813,0.,;                                    339P    170
116,6.450508179,12.855331216,0.,;                                    341P    171
116,6.358947758,12.860063029,0.,;                                    343P    172
116,6.267404131,12.8651159,0.,;                                      345P    173
116,6.175878081,12.870481994,0.,;                                    347P    174
116,6.084370381,12.876153769,0.,;                                    349P    175
116,5.992881806,12.882123961,0.,;                                    351P    176
116,5.901413133,12.888385569,0.,;                                    353P    177
116,5.809965191,12.894931905,0.,;                                    355P    178
116,5.718538098,12.901753851,0.,;                                    357P    179
116,5.627131418,12.908840847,0.,;                                    359P    180
116,5.535744776,12.916182969,0.,;                                    361P    181
116,5.444377868,12.923770885,0.,;                                    363P    182
116,5.35303046,12.93159581,0.,;                                      365P    183
116,5.261702332,12.939648828,0.,;                                    367P    184
116,5.170392898,12.94791675,0.,;                                     369P    185
116,5.079101566,12.956386584,0.,;                                    371P    186
116,4.987827872,12.965046805,0.,;                                    373P    187
116,4.896571237,12.973884758,0.,;                                    375P    188
116,4.80533069,12.982883921,0.,;                                     377P    189
116,4.71461071,12.99197868,0.,;                                      379P    190
116,4.62285173,13.001312017,0.,;                                     381P    191
116,4.531261896,13.010740862,0.,;                                    383P    192
116,4.441984244,13.020022646,0.,;                                    385P    193
116,4.348918824,13.029780414,0.,;                                    387P    194
116,4.258348959,13.039322925,0.,;                                    389P    195
116,4.16671809,13.04900397,0.,;                                      391P    196
116,4.075946784,13.058602588,0.,;                                    393P    197
116,3.981053769,13.068615528,0.,;                                    395P    198
116,3.892437784,13.077904847,0.,;                                    397P    199
116,3.801822853,13.087307475,0.,;                                    399P    200
116,3.711114979,13.096593702,0.,;                                    401P    201
116,3.618653772,13.105887129,0.,;                                    403P    202
116,3.528564909,13.114712636,0.,;                                    405P    203
116,3.437289624,13.123374139,0.,;                                    407P    204
116,3.345983102,13.131694268,0.,;                                    409P    205
116,3.254640715,13.139583421,0.,;                                    411P    206
116,3.163257055,13.14694616,0.,;                                     413P    207
116,3.071825785,13.153677248,0.,;                                    415P    208
116,2.979370833,13.159689576,0.,;                                    417P    209
116,2.888506666,13.164634404,0.,;                                    419P    210
116,2.797183618,13.168408024,0.,;                                    421P    211
116,2.704798742,13.170686192,0.,;                                    423P    212
116,2.613096949,13.170948411,0.,;                                    425P    213
116,2.521520597,13.168508527,0.,;                                    427P    214
402,1,213,1,3,5,7,9,11,13,15,17,19,21,23,25,27,29,31,33,35,37,       429P    215
39,41,43,45,47,49,51,53,55,57,59,61,63,65,67,69,71,73,75,77,79,      429P    216
81,83,85,87,89,91,93,95,97,99,101,103,105,107,109,111,113,115,       429P    217
117,119,121,123,125,127,129,131,133,135,137,139,141,143,145,         429P    218
147,149,151,153,155,157,159,161,163,165,167,169,171,173,175,         429P    219
177,179,181,183,185,187,189,191,193,195,197,199,201,203,205,         429P    220
207,209,211,213,215,217,219,221,223,225,227,229,231,233,235,         429P    221
237,239,241,243,245,247,249,251,253,255,257,259,261,263,265,         429P    222
267,269,271,273,275,277,279,281,283,285,287,289,291,293,295,         429P    223
297,299,301,303,305,307,309,311,313,315,317,319,321,323,325,         429P    224
327,329,331,333,335,337,339,341,343,345,347,349,351,353,355,         429P    225
357,359,361,363,365,367,369,371,373,375,377,379,381,383,385,         429P    226
387,389,391,393,395,397,399,401,403,405,407,409,411,413,415,         429P    227
417,419,421,423,425,427;                                             429P    228
314,79.2156862745098,81.9607843137255,93.3333333333333,;             431P    229
S      1G      3D    432P    229                                        T      1
